  -2.0000458e+00  -2.3733505e-03
  -1.9624054e+00   1.9314825e-01
  -1.9610763e+00  -1.9671715e-01
  -1.8671044e+00   3.5872255e-01
  -1.8598353e+00  -3.6791183e-01
  -1.7958454e+00  -1.3012394e-01
  -1.7854125e+00   7.2682801e-02
  -1.7268063e+00   5.0460569e-01
  -1.7172016e+00  -5.1276440e-01
  -1.7138956e+00   2.6669674e-01
  -1.6609938e+00  -2.8640689e-01
  -1.6046267e+00  -7.3576002e-02
  -1.5669864e+00   6.2156178e-01
  -1.5665954e+00   1.3348152e-01
  -1.5497294e+00  -6.3231393e-01
  -1.5369447e+00   3.7547485e-01
  -1.5148087e+00  -4.1392091e-01
  -1.4356138e+00  -2.1809261e-01
  -1.4056649e+00  -2.0440939e-02
  -1.4017549e+00   5.2638279e-01
  -1.3865971e+00   2.1439231e-01
  -1.3679774e+00   7.2967508e-01
  -1.3624910e+00  -5.3755060e-01
  -1.3576030e+00  -7.3443913e-01
  -1.2844055e+00   3.8602806e-01
  -1.2827347e+00  -3.5319188e-01
  -1.2408306e+00   5.4866712e-02
  -1.2043235e+00  -1.5548353e-01
  -1.1956867e+00   5.9777931e-01
  -1.1794114e+00  -8.0773442e-01
  -1.1743569e+00  -5.6177974e-01
  -1.1674771e+00   8.1200060e-01
  -1.1524935e+00   2.2998801e-01
  -1.0790858e+00  -3.5131789e-01
  -1.0681193e+00   4.2524518e-01
  -1.0490818e+00   2.2025045e-02
  -1.0257245e+00  -6.8283187e-01
  -9.9167705e-01   6.3111289e-01
  -9.7652427e-01   8.7282040e-01
  -9.7375795e-01  -1.6735428e-01
  -9.6992322e-01  -8.7471826e-01
  -9.5154893e-01   2.2187092e-01
  -9.4380223e-01  -5.0920588e-01
  -8.6651246e-01   4.1977752e-01
  -8.4505328e-01  -3.3761727e-01
  -8.4475660e-01   2.4036389e-02
  -8.3185407e-01   7.4090715e-01
  -8.2372430e-01  -7.1117659e-01
  -7.6936911e-01  -9.2315255e-01
  -7.5354538e-01   9.2648720e-01
  -7.4738624e-01   5.7290445e-01
  -7.4521037e-01   2.1883466e-01
  -7.4315766e-01  -1.6090597e-01
  -7.2789786e-01  -5.3388248e-01
  -6.3744706e-01   3.9400808e-01
  -6.3114462e-01   2.4242217e-02
  -6.2659211e-01  -3.5536954e-01
  -6.2579921e-01  -7.4739357e-01
  -6.1934416e-01   7.6070949e-01
  -5.6916015e-01  -9.5873421e-01
  -5.3825905e-01   9.6322237e-01
  -5.2502641e-01   2.0689106e-01
  -5.2479491e-01  -1.7272118e-01
  -5.2411927e-01   5.8025195e-01
  -5.1987780e-01  -5.6287551e-01
  -4.2301472e-01  -7.7409472e-01
  -4.1795044e-01   3.9561044e-01
  -4.1628181e-01   1.2069858e-02
  -4.1594000e-01  -3.7676074e-01
  -4.1325277e-01   7.8302081e-01
  -3.7145943e-01  -9.8266810e-01
  -3.2326131e-01   9.8694843e-01
  -3.1233954e-01  -5.8465556e-01
  -3.1212363e-01  -1.8863353e-01
  -3.1171666e-01   5.9389858e-01
  -3.1120377e-01   2.0320872e-01
  -2.1467770e-01  -7.9200292e-01
  -2.0714860e-01   4.0053221e-01
  -2.0705118e-01  -3.9308914e-01
  -2.0679821e-01   7.9738341e-01
  -2.0652681e-01   4.5524212e-03
  -1.8027987e-01  -9.9599172e-01
  -1.0780850e-01   9.9863546e-01
  -1.0387783e-01  -5.9883644e-01
  -1.0350892e-01  -1.9703054e-01
  -1.0349586e-01   6.0119353e-01
  -1.0313159e-01   2.0253117e-01
  -6.9903194e-07  -1.0000863e+00
  -8.9386696e-09   4.0233470e-01
  -6.9145230e-09   2.3044902e-03
  -6.5307515e-09   8.0215408e-01
   2.5997383e-08  -3.9900722e-01
   4.2124915e-07  -8.0167593e-01
   1.0313157e-01   2.0253118e-01
   1.0349584e-01   6.0119353e-01
   1.0350892e-01  -1.9703051e-01
   1.0387807e-01  -5.9883631e-01
   1.0780849e-01   9.9863546e-01
   1.8027877e-01  -9.9599177e-01
   2.0652681e-01   4.5524553e-03
   2.0679819e-01   7.9738341e-01
   2.0705127e-01  -3.9308903e-01
   2.0714858e-01   4.0053222e-01
   2.1467821e-01  -7.9200279e-01
   3.1120376e-01   2.0320875e-01
   3.1171665e-01   5.9389859e-01
   3.1212366e-01  -1.8863346e-01
   3.1233974e-01  -5.8465543e-01
   3.2326130e-01   9.8694843e-01
   3.7145883e-01  -9.8266815e-01
   4.1325276e-01   7.8302082e-01
   4.1594009e-01  -3.7676065e-01
   4.1628182e-01   1.2069906e-02
   4.1795043e-01   3.9561046e-01
   4.2301498e-01  -7.7409468e-01
   5.1987795e-01  -5.6287545e-01
   5.2411926e-01   5.8025197e-01
   5.2479496e-01  -1.7272111e-01
   5.2502641e-01   2.0689109e-01
   5.3825904e-01   9.6322237e-01
   5.6915982e-01  -9.5873426e-01
   6.1934415e-01   7.6070949e-01
   6.2579934e-01  -7.4739357e-01
   6.2659219e-01  -3.5536949e-01
   6.3114464e-01   2.4242259e-02
   6.3744706e-01   3.9400810e-01
   7.2789795e-01  -5.3388245e-01
   7.4315771e-01  -1.6090592e-01
   7.4521038e-01   2.1883469e-01
   7.4738623e-01   5.7290446e-01
   7.5354537e-01   9.2648721e-01
   7.6936892e-01  -9.2315259e-01
   8.2372436e-01  -7.1117659e-01
   8.3185407e-01   7.4090715e-01
   8.4475662e-01   2.4036422e-02
   8.4505334e-01  -3.3761723e-01
   8.6651246e-01   4.1977754e-01
   9.4380229e-01  -5.0920587e-01
   9.5154894e-01   2.2187094e-01
   9.6992310e-01  -8.7471829e-01
   9.7375798e-01  -1.6735425e-01
   9.7652427e-01   8.7282041e-01
   9.9167706e-01   6.3111290e-01
   1.0257246e+00  -6.8283189e-01
   1.0490818e+00   2.2025066e-02
   1.0681194e+00   4.2524519e-01
   1.0790858e+00  -3.5131787e-01
   1.1524935e+00   2.2998802e-01
   1.1674771e+00   8.1200060e-01
   1.1743569e+00  -5.6177974e-01
   1.1794113e+00  -8.0773444e-01
   1.1956867e+00   5.9777931e-01
   1.2043236e+00  -1.5548352e-01
   1.2408306e+00   5.4866725e-02
   1.2827347e+00  -3.5319187e-01
   1.2844055e+00   3.8602806e-01
   1.3576030e+00  -7.3443915e-01
   1.3624910e+00  -5.3755060e-01
   1.3679774e+00   7.2967508e-01
   1.3865971e+00   2.1439232e-01
   1.4017549e+00   5.2638279e-01
   1.4056649e+00  -2.0440931e-02
   1.4356138e+00  -2.1809260e-01
   1.5148087e+00  -4.1392091e-01
   1.5369447e+00   3.7547485e-01
   1.5497294e+00  -6.3231394e-01
   1.5665954e+00   1.3348152e-01
   1.5669864e+00   6.2156178e-01
   1.6046267e+00  -7.3575998e-02
   1.6609938e+00  -2.8640689e-01
   1.7138956e+00   2.6669674e-01
   1.7172016e+00  -5.1276441e-01
   1.7268063e+00   5.0460569e-01
   1.7854125e+00   7.2682802e-02
   1.7958454e+00  -1.3012394e-01
   1.8598353e+00  -3.6791184e-01
   1.8671044e+00   3.5872255e-01
   1.9610763e+00  -1.9671716e-01
   1.9624054e+00   1.9314824e-01
   2.0000458e+00  -2.3733585e-03
