   0.0000000e+00
   0.0000000e+00
   0.0000000e+00
   0.0000000e+00
   0.0000000e+00
   7.1399963e-02
   7.9501453e-02
   0.0000000e+00
   0.0000000e+00
   7.8333983e-02
   9.1417650e-02
   1.4100691e-01
   0.0000000e+00
   1.4803057e-01
   0.0000000e+00
   1.0846186e-01
   1.0183359e-01
   1.7506081e-01
   2.0263258e-01
   9.1620067e-02
   1.8946679e-01
   0.0000000e+00
   9.7811805e-02
   0.0000000e+00
   1.7529978e-01
   1.8571848e-01
   2.4397059e-01
   2.4627516e-01
   1.1418687e-01
   0.0000000e+00
   1.3694483e-01
   0.0000000e+00
   2.4583627e-01
   2.3472141e-01
   2.1369845e-01
   2.8997474e-01
   1.0713037e-01
   1.4347513e-01
   0.0000000e+00
   2.9423199e-01
   0.0000000e+00
   2.8994050e-01
   2.0708035e-01
   2.5481906e-01
   2.8310525e-01
   3.2875065e-01
   1.1019369e-01
   1.2972530e-01
   0.0000000e+00
   0.0000000e+00
   2.1262376e-01
   3.2564916e-01
   3.3454721e-01
   2.3298298e-01
   2.9729561e-01
   3.6021347e-01
   3.1032647e-01
   1.3746924e-01
   1.3009721e-01
   0.0000000e+00
   0.0000000e+00
   3.5547508e-01
   3.6068832e-01
   2.3780936e-01
   2.4633173e-01
   1.4252358e-01
   3.1997948e-01
   3.8280334e-01
   3.2610215e-01
   1.3780196e-01
   0.0000000e+00
   0.0000000e+00
   2.5378629e-01
   3.7620462e-01
   2.4924695e-01
   3.7391921e-01
   1.4480650e-01
   3.3161354e-01
   3.3420043e-01
   1.4156029e-01
   3.9589301e-01
   0.0000000e+00
   0.0000000e+00
   2.5607025e-01
   3.8360913e-01
   2.5444719e-01
   3.8264655e-01
   0.0000000e+00
   3.3533614e-01
   4.0016330e-01
   1.4278988e-01
   3.3667441e-01
   1.4455369e-01
   3.8264655e-01
   2.5444719e-01
   3.8360913e-01
   2.5607031e-01
   0.0000000e+00
   0.0000000e+00
   3.9589301e-01
   1.4156030e-01
   3.3420046e-01
   3.3161354e-01
   1.4480657e-01
   3.7391921e-01
   2.4924694e-01
   3.7620463e-01
   2.5378634e-01
   0.0000000e+00
   0.0000000e+00
   1.3780196e-01
   3.2610218e-01
   3.8280334e-01
   3.1997948e-01
   1.4252359e-01
   2.4633175e-01
   2.3780935e-01
   3.6068833e-01
   3.5547508e-01
   0.0000000e+00
   0.0000000e+00
   1.3009721e-01
   1.3746922e-01
   3.1032647e-01
   3.6021347e-01
   2.9729561e-01
   2.3298299e-01
   3.3454721e-01
   3.2564916e-01
   2.1262376e-01
   0.0000000e+00
   0.0000000e+00
   1.2972529e-01
   1.1019369e-01
   3.2875065e-01
   2.8310525e-01
   2.5481906e-01
   2.0708034e-01
   2.8994050e-01
   0.0000000e+00
   2.9423199e-01
   0.0000000e+00
   1.4347513e-01
   1.0713033e-01
   2.8997474e-01
   2.1369843e-01
   2.3472141e-01
   2.4583627e-01
   0.0000000e+00
   1.3694483e-01
   0.0000000e+00
   1.1418687e-01
   2.4627514e-01
   2.4397060e-01
   1.8571848e-01
   1.7529978e-01
   0.0000000e+00
   9.7811809e-02
   0.0000000e+00
   1.8946679e-01
   9.1620067e-02
   2.0263258e-01
   1.7506081e-01
   1.0183359e-01
   1.0846187e-01
   0.0000000e+00
   1.4803057e-01
   0.0000000e+00
   1.4100691e-01
   9.1417653e-02
   7.8333984e-02
   0.0000000e+00
   0.0000000e+00
   7.9501453e-02
   7.1399964e-02
   0.0000000e+00
   0.0000000e+00
   0.0000000e+00
   0.0000000e+00
   0.0000000e+00
