180 179 174
171 174 179
115 123 116
116 123 127
128 136 141
173 171 177
177 171 179
122 130 134
143 142 134
134 130 143
117 130 122
117 126 130
114 126 117
143 130 137
130 126 137
153 145 141
157 166 158
141 136 147
147 153 141
155 153 147
174 171 167
167 169 174
162 169 167
176 178 175
174 169 175
180 174 175
175 178 180
163 169 162
162 153 163
163 153 155
108 115 116
93 82 88
88 99 93
83 91 98
101 98 91
78 76 87
67 76 78
8 4 10
4 2 10
11 5 9
22 13 20
133 127 123
133 140 144
141 145 135
135 128 141
125 128 135
116 127 124
124 127 136
136 128 124
154 153 162
145 153 154
149 142 143
159 161 168
50 39 47
22 20 29
120 122 131
122 134 131
131 134 142
139 135 145
157 158 150
150 158 155
155 147 150
164 166 172
164 158 166
155 158 164
164 163 155
138 147 136
136 127 138
144 150 138
138 150 147
138 133 144
127 133 138
102 96 92
107 96 102
144 140 151
151 150 144
157 150 151
82 93 77
115 108 104
104 93 99
104 110 115
99 110 104
37 30 41
114 105 119
119 126 114
125 119 113
113 119 105
86 78 89
89 78 87
95 91 86
95 101 91
86 89 95
98 101 109
62 76 67
67 55 62
62 52 56
62 55 52
75 78 86
67 78 75
72 70 80
83 72 80
80 91 83
86 91 80
80 75 86
70 75 80
7 2 1
7 10 2
14 10 7
64 75 70
64 55 67
67 75 64
33 42 35
35 42 44
52 55 44
44 42 52
36 33 27
42 33 36
27 33 21
21 19 27
14 19 21
8 10 16
16 13 8
16 20 13
16 10 14
14 21 16
165 161 156
165 167 171
165 171 173
173 168 165
165 168 161
152 161 159
152 149 143
159 149 152
156 161 152
22 29 32
61 70 72
47 39 38
38 29 35
39 32 38
38 32 29
35 44 38
137 139 146
156 152 146
143 137 146
146 152 143
156 146 148
148 146 139
145 154 148
148 139 145
135 139 129
125 135 129
129 137 126
129 139 137
129 119 125
126 119 129
172 176 170
170 164 172
176 175 170
170 175 169
169 163 170
163 164 170
112 108 116
112 102 108
116 124 112
107 102 112
84 77 93
92 79 84
56 52 46
52 42 46
42 36 46
53 63 56
56 46 53
69 79 74
74 63 69
132 133 123
140 133 132
41 49 48
48 37 41
118 124 128
118 128 125
125 113 118
118 113 107
107 112 118
118 112 124
103 105 114
103 95 89
101 95 106
95 103 106
114 117 106
106 103 114
96 90 85
74 79 85
92 96 85
85 79 92
74 85 81
81 85 90
87 76 81
81 90 87
87 90 94
105 103 94
94 89 87
94 103 89
107 113 100
100 96 107
100 90 96
100 94 90
100 113 105
105 94 100
14 7 12
12 19 14
11 18 12
12 18 19
15 24 23
28 36 27
27 19 28
19 18 28
59 64 70
70 61 59
59 61 50
59 50 47
51 44 55
55 64 51
47 38 51
51 38 44
51 59 47
64 59 51
25 21 33
25 33 35
20 16 25
25 16 21
35 29 25
25 29 20
160 165 156
167 165 160
156 148 160
160 148 154
162 167 160
160 154 162
71 66 60
82 77 71
77 66 71
93 104 97
97 84 93
97 104 108
92 84 97
97 102 92
108 102 97
73 84 79
73 69 65
79 69 73
65 66 73
73 66 77
77 84 73
40 28 34
36 28 40
40 46 36
40 53 46
121 132 123
123 115 121
115 110 121
37 48 43
43 48 54
63 53 57
57 69 63
65 69 57
57 54 65
58 66 65
65 54 58
54 48 58
60 66 58
58 49 60
58 48 49
101 106 111
111 122 120
111 117 122
111 106 117
120 109 111
111 109 101
68 63 74
74 81 68
56 63 68
68 81 76
68 62 56
76 62 68
6 12 7
1 3 6
6 7 1
11 12 6
3 5 6
5 11 6
34 28 26
26 28 18
31 43 34
37 43 31
34 26 31
31 26 23
30 37 31
31 24 30
31 23 24
17 18 11
15 23 17
17 26 18
23 26 17
9 15 17
17 11 9
45 40 34
34 43 45
53 40 45
45 57 53
45 43 54
54 57 45
